750
1
3
4
5
7
9
11
13
14
16
17
19
21
22
23
24
25
28
29
33
34
35
38
39
41
42
43
45
48
50
56
60
62
63
70
73
74
75
77
78
81
83
87
89
90
92
98
100
103
106
107
109
110
111
112
113
120
121
122
125
127
132
135
136
139
140
141
142
145
148
149
154
159
164
166
167
170
174
176
177
178
179
181
184
186
187
189
192
193
194
196
197
201
202
203
205
208
209
210
211
212
213
216
217
219
220
222
225
228
229
230
232
233
235
239
240
241
245
247
251
254
255
258
260
261
265
267
268
272
274
275
276
277
278
279
281
282
283
284
286
287
292
293
294
296
298
299
300
301
302
303
305
308
309
311
312
313
314
315
316
317
319
320
323
325
326
328
329
332
333
334
340
342
346
347
348
349
351
352
354
356
357
358
360
361
362
364
367
369
370
374
377
378
379
380
381
387
389
391
393
396
397
400
404
406
411
412
416
420
421
423
425
429
430
431
433
435
436
439
440
441
442
446
448
450
451
453
456
457
460
462
463
467
468
472
473
477
479
480
483
485
486
488
489
491
493
497
499
500
502
504
505
506
507
508
509
514
515
516
519
520
526
530
531
532
533
536
538
539
540
541
546
549
550
551
554
555
556
557
559
560
561
565
567
569
570
574
575
576
584
588
591
592
593
594
596
597
602
604
605
606
610
611
613
614
616
621
623
626
627
629
638
639
640
641
642
644
645
646
647
648
649
650
652
654
655
656
658
663
667
669
671
672
677
678
679
680
682
687
688
690
691
692
693
694
702
704
706
707
708
712
713
718
719
722
723
724
725
727
728
729
730
732
733
734
736
738
739
741
742
743
745
746
747
748
754
755
756
757
761
764
766
767
768
771
772
775
776
777
778
779
780
784
785
786
787
790
791
792
799
802
803
804
807
809
811
812
815
819
820
821
822
823
826
827
829
830
831
836
839
842
843
844
845
848
849
850
851
852
854
855
859
860
863
864
865
867
869
870
874
875
877
878
880
886
887
888
889
890
893
895
896
899
900
905
906
907
908
913
914
917
921
922
923
924
925
926
931
933
935
936
938
939
942
944
948
950
951
954
955
959
962
963
964
966
969
970
971
972
975
976
978
983
986
987
989
992
994
997
998
999 996
995 993
991 990
988 985
984 982
981 980
979 977
974 973
968 967
965 961
960 958
957 956
953 952
949 947
946 945
943 941
940 937
934 932
930 929
928 927
920 919
918 916
915 912
911 910
909 904
903 902
901 898
897 894
892 891
885 884
883 882
881 879
876 873
872 871
868 866
862 861
858 857
856 853
847 846
841 840
838 837
835 834
833 832
828 825
824 818
817 816
814 813
810 808
806 805
801 800
798 797
796 795
794 793
789 788
783 782
781 774
773 770
769 765
763 762
760 759
758 753
752 751
750 749
744 740
737 735
731 726
721 720
717 716
715 714
711 710
709 705
703 701
700 699
698 697
696 695
689 686
685 684
683 681
676 675
674 673
670 668
666 665
664 662
661 660
659 657
653 651
643 637
636 635
634 633
632 631
630 628
625 624
622 620
619 618
617 615
612 609
608 607
603 601
600 599
598 595
590 589
587 586
585 583
582 581
580 579
578 577
573 572
571 568
566 564
563 562
558 553
552 548
547 545
544 543
542 537
535 534
529 528
527 525
524 523
522 521
518 517
513 512
511 510
503 501
498 496
495 494
492 490
487 484
482 481
478 476
475 474
471 470
469 466
465 464
461 459
458 455
454 452
449 447
445 444
443 438
437 434
432 428
427 426
424 422
419 418
417 415
414 413
410 409
408 407
405 403
402 401
399 398
395 394
392 390
388 386
385 384
383 382
376 375
373 372
371 368
366 365
363 359
355 353
350 345
344 343
341 339
338 337
336 335
331 330
327 324
322 321
318 310
307 306
304 297
295 291
290 289
288 285
280 273
271 270
269 266
264 263
262 259
257 256
253 252
250 249
248 246
244 243
242 238
237 236
234 231
227 226
224 223
221 218
215 214
207 206
204 200
199 198
195 191
190 188
185 183
182 180
175 173
172 171
169 168
165 163
162 161
160 158
157 156
155 153
152 151
150 147
146 144
143 138
137 134
133 131
130 129
128 126
124 123
119 118
117 116
115 114
108 105
104 102
101 99
97 96
95 94
93 91
88 86
85 84
82 80
79 76
72 71
69 68
67 66
65 64
61 59
58 57
55 54
53 52
51 49
47 46
44 40
37 36
32 31
30 27
26 20
18 15
12 10
8 6
2 0
